%YAML:1.0
---
type: IMU
name: my_imu1
Gyr:
   unit: " rad/s"
   avg-axis:
      gyr_n: 2.0913646479776490e-03
      gyr_w: 3.5364445892399998e-05
   x-axis:
      gyr_n: 1.9818747554606322e-03
      gyr_w: 5.0840746774774594e-05
   y-axis:
      gyr_n: 1.9266946998392951e-03
      gyr_w: 3.1641500210031765e-05
   z-axis:
      gyr_n: 2.3655244886330203e-03
      gyr_w: 2.3611090692393636e-05
Acc:
   unit: " m/s^2"
   avg-axis:
      acc_n: 1.1014969672005175e-02
      acc_w: 1.4894669825871825e-03
   x-axis:
      acc_n: 1.0059742217922484e-02
      acc_w: 1.4511074028607156e-03
   y-axis:
      acc_n: 1.6056600393200945e-02
      acc_w: 2.2575789229185889e-03
   z-axis:
      acc_n: 6.9285664048920970e-03
      acc_w: 7.5971462198224228e-04

